+919641664826
+916296194293
+916297139651
+917029228868
+917029518055
+916297453587
+917029880080
+916297386049
+916296486826
+916296553971
+917029164785
+916296771092
+919641546751
+916297426963
+916296212525
+917029563786
+916297705967
+917029757442
+919641363080
+916296885497
+917029127368
+917029955786
+919641271856
+919641694770
+917029891829
+919641426570
+916297899188
+916296817729
+919641373453
+916296129062
+916296620072
+916297291260
+919641953135
+916296852193
+919641603976
+916297941624
+916297534726
+917029127822
+916296731036
+917029501077
+916296211043
+916297749192
+917029708652
+917029365240
+916297790902
+917029874719
+916297881885
+919641642732
+916297838348
+919641163501
+917029390739
+916297413809
+917029502934
+916297897114
+917029239343
+919641400437
+916297250639
+916297114180
+916297311504
+917029145108
+916296885178
+919641824025
+916297373276
+916296401372
+916297972302
+919641639536
+917029448260
+916296875555
+917029892863
+919641363316
+917029284940
+916297903650
+919641361734
+919641485735
+916297956285
+916297969668
+916297477437
+917029959934
+916296335539
+917029854731
+919641765656
+916296228392
+917029669659
+917029687319
+916296439469
+919641609219
+916296245229
+919641375918
+919641751053
+916297639800
+919641357242
+916296864253
+919641690833
+917029344095
+916297882750
+917029185761
+919641804180
+917029481411
+916296335004
+919641547686
+916296148825
+917029129235
+916296142414
+916296290639
+916296112123
+916297336331
+916296415922
+917029227755
+917029531341
+919641113924
+916297113284
+916296180367
+917029996859
+916297848910
+916297639018
+919641635443
+916296147824
+916296630257
+916296702869
+916296897227
+917029123861
+917029358634
+916296755420
+917029537338
+917029905670
+917029594633
+916296770672
+916296789088
+916296856319
+919641781474
+919641669887
+916296749971
+916297275662
+916297719101
+916297607310
+919641248509
+917029127529
+917029340151
+919641628045
+916296800298
+919641315952
+919641736160
+916297272677
+916296201516
+919641918674
+916296859255
+916297632885
+919641165341
+917029597530
+919641197055
+917029880475
+916296128225
+916296378920
+916296401414
+919641967755
+919641148101
+919641852069
+917029334909
+916297382828
+916297471779
+919641811720
+919641811218
+919641635706
+919641991560
+919641105869
+919641557156
+919641163121
+919641816590
+917029101597
+917029136086
+919641802276
+916296626064
+916297940418
+916297478893
+916297111474
+917029885757
+916296922658
+916296762074
+916296183566
+917029259744
+916296661948
+916296922376
+917029208912
+917029480914
+917029291791
+916297149342
+916296306566
+919641905206
+917029263851
+916296182161
+916297852924
+917029461228
+917029271979
+917029973399
+916296778122
+916296148751
+919641242934
+917029468812
+919641961624
+916296941621
+917029282822
+916297191944
+916296902980
+916297296680
+917029509995
+917029397644
+916296252307
+916297932753
+916297801973
+916297241832
+917029626690
+916296619066
+916296728592
+916296674222
+916297577017
+916297550847
+917029362490
+916296588625
+916297493140
+919641698476
+916296679607
+919641514687
+919641652394
+917029849522
+917029565393
+916297709357
+916297124495
+919641566898
+919641742659
+916297261822
+916296941154
+916296437565
+917029382348
+917029246935
+919641272516
+916297420193
+917029654986
+919641654489
+916297344762
+919641994106
+916296371212
+916296213119
+917029882875
+916297823399
+919641589228
+916297233849
+916296651644
+916296971227
+916296640825
+919641285287
+916297853164
+917029510053
+919641647585
+917029763273
+917029771094
+916296200003
+916296276193
+916296991434
+919641389798
+916296710782
+917029645379
+916296856543
+917029743856
+916297124255
+916296953751
+916296556943
+916296592691
+919641103233
+916296928439
+917029836832
+917029375975
+919641415036
+919641461633
+916297438210
+917029578915
+916297818161
+916296842420
+916297869701
+916296956567
+919641697220
+919641925067
+916297543165
+916297772468
+919641529866
+916297794731
+919641344152
+919641332235
+916296714892
+917029345942
+919641839641
+919641467310
+919641633900
+917029358504
+919641734995
+916297632921
+919641582395
+919641254232
+919641851625
+916297171779
+916297647043
+919641377317
+919641121258
+916296992094
+916297943729
+916297783977
+916296352486
+916297662712
+917029818839
+919641513412
+916296361436
+917029476286
+916296693133
+916297962398
+919641997734
+917029264255
+916297587409
+916296641818
+917029535444
+916297996977
+919641546799
+916296863727
+919641896676
+917029134996
+916297517362
+919641545846
+916297229808
+919641156272
+916296327636
+916297189560
+916297562130
+916297338751
+917029257793
+919641574628
+917029461014
+919641775048
+919641893366
+916297976318
+917029426995
+919641905184
+916296166393
+916296705366
+919641643677
+919641949650
+917029273448
+919641759527
+916296271628
+916296462448
+916297149466
+916297519193
+916296389201
+917029947386
+916297548110
+916297759423
+916297929160
+917029521401
+916296357148
+919641374441
+916296463210
+917029790242
+916296414282
+916296220831
+919641280308
+919641981839
+916297633536
+919641991733
+917029337160
+916297879474
+916297543842
+919641459887
+919641594897
+917029126115
+917029486886
+919641888123
+917029216911
+917029831264
+919641428098
+917029528314
+919641880447
+916297486327
+916296214727
+916296774227
+916296481546
+919641842377
+916296904260
+916297268329
+916296585791
+917029426231
+916297869079
+916297530471
+919641431161
+916296298530
+919641708573
+916297452084
+917029544941
+916297207142
+916296629590
+917029647127
+916296345621
+917029605367
+916296588749
+917029784584
+919641722007
+919641523762
+917029262196
+916297422866
+917029751325
+916297556395
+916296942494
+917029430443
+916296473876
+919641748886
+916296573547
+919641591729
+916297839372
+916297772795
+916296888412
+919641723630
+916296241070
+916297380302
+916297345991
+916296602124
+919641121070
+916296626591
+916296452110
+916296593763
+916296281703
+917029614685
+917029804163
+916296272907
+919641251993
+919641293393
+916297854024
+917029453285
+919641590097
+919641182536
+919641247155
+917029566672
+919641335389
+916296798436
+916296518146
+919641880838
+919641789499
+917029363811
+916296887857
+917029262120
+916297700404
+916296531471
+916296363742
+916297257009
+916296353734
+916296156537
+916297421129
+916296380332
+919641568212
+917029798969
+919641582645
+916297354782
+917029805822
+916297723694
+916297461964
+916297819260
+917029440790
+917029575089
+916297251292
+916296311484
+917029513674
+919641497296
+916296122290
+919641490813
+917029272578
+917029882962
+916297654476
+919641446669
+916296502889
+919641599638
+916297926431
+919641282831
+916297226764
+916297883859
+916297768566
+916297176286
+916296219393
+916297211918
+917029679975
+919641554906
+917029761341
+919641292591
+919641160748
+916297844608
+919641708652
+916297198208
+919641911943
+916297670256
+916297351435
+916296316874
+916296780993
+917029965219
+916297475599
+919641878520
+916297655932
+916297664625
+919641429485
+916297553588
+917029886847
+917029601461
+919641114978
+917029934243
+916296637632
+917029151696
+917029974976
+919641677227
+916297900586
+917029660694
+917029536237
+916296642364
+917029704207
+916297143349
+916296811111
+919641493390
+916297299695
+916296838517
+916296765054
+916297925020
+916297840646
+916297975712
+916296425747
+916297122644
+917029558316
+919641145998
+917029349100
+919641145636
+916297296552
+919641648873
+917029974253
+916296384502
+916297777929
+916296909174
+919641427767
+916297465252
+919641110234
+919641688695
+916296129696
+916296182832
+916296460966
+916296689243
+916296628753
+916296340802
+917029721058
+917029522010
+916297605077
+916297242493
+917029168054
+917029333021
+916296549168
+917029438896
+916296766562
+917029237063
+916297467629
+919641989193
+916296894744
+916296245001
+917029704410
+916296998158
+916297953279
+916296302525
+919641852012
+919641182152
+916296848448
+916296505220
+916297613242
+916297313424
+917029673097
+916296473390
+916296846016
+916296968795
+919641504012
+916297636243
+919641548808
+916297997786
+919641917078
+919641664421
+917029639678
+916297968671
+916297279052
+916296694392
+919641105761
+916297970901
+916296745470
+916296761602
+919641776538
+916297329019
+916296818114
+916296356415
+919641156024
+916296571381
+917029817652
+916296922909
+916297550400
+917029238143
+919641864151
+919641682963
+916297687557
+916297135198
+917029271505
+916296721621
+916297688424
+919641677184
+919641257030
+917029643048
+916297684723
+919641205751
+919641184785
+919641416844
+916296203912
+916296784395
+917029588225
+916296747606
+916297212576
+919641818836
+917029157692
+917029196282
+919641629776
+916297103353
+919641720289
+916297463077
+916296734030
+919641775362
+916297632764
+919641376460
+916296184981
+917029949519
+916296948602
+916296343482
+916297762540
+916297471952
+916296525834
+917029835714
+919641703799
+916297664524
+919641810884
+916296579402
+917029616536
+916297192204
+919641664874
+919641602425
+917029987471
+917029252176
+916297548414
+916297182921
+919641135136
+916296287070
+916296623584
+916297754737
+916296178086
+916296186587
+917029154986
+917029815515
+916296421195
+916297210847
+916297997130
+916297161567
+916296946840
+916296392023
+917029523897
+919641483960
+916296744805
+919641722003
+916297704672
+917029640514
+916297951048
+917029686827
+917029996958
+916296337151
+916297404466
+916297509637
+917029518783
+917029755393
+916296332187
+917029730221
+916297320713
+916296961578
+916296450154
+916296374225
+919641776202
+919641425634
+916297976148
+919641449680
+917029158557
+916296941922
+916297424596
+917029732014
+917029124044
+916296971721
+919641734752
+916297909166
+919641162683
+919641944343
+919641877212
+916296616663
+917029864519
+916296335908
+919641522725
+919641181711
+916296600396
+917029357306
+916296303538
+916297134996
+916296873418
+916297101744
+916296876481
+919641847206
+916297223750
+917029737025
+917029949389
+919641226293
+916296494180
+916296677980
+916296366598
+916297662719
+919641916250
+917029288732
+919641814895
+919641576696
+916296270759
+916297911396
+916297104887
+916297203039
+917029686104
+916296224311
+916296357380
+916297535406
+916296236995
+916296636011
+916297706220
+916296170083
+916296106467
+917029411042
+916296970784
+916297738012
+916296490238
+916296596260
+916297305452
+919641481585
+916297275969
+916296767285
+919641730672
+916297418012
+916296767642
+916297668291
+916297710751
+917029204982
+919641943679
+916297464631
+917029992988
+917029602926
+917029587333
+916296868650
+919641386388
+916297655165
+917029372319
+919641248912
+916297712163
+916297220622
+916297747370
+916297601685
+919641802612
+916296967497
+916297103180
+916297359346
+916296989868
+917029836427
+917029697249
+917029464228
+919641749900
+917029752642
+916296957100
+916296641138
+919641599566
+916296237136
+916297133524
+916297172458
+916296377817
+917029665466
+916297773909
+919641314805
+917029810972
+916297875062
+919641875682
+916296352455
+916297736618
+916296198512
+919641557169
+916297236442
+917029262849
+919641554992
+916297234210
+919641573230
+916297701307
+919641525492
+917029937405
+916297565672
+919641630101
+917029390439
+916297938641
+917029948730
+919641246432
+917029988652
+917029211917
+919641656841
+916297956624
+917029874852
+916296550637
+919641197736
+919641368484
+916296909611
+919641634954
+917029609820
+916297401564
+916296299526
+919641288855
+916296745499
+919641649993
+919641297142
+919641706701
+917029285616
+919641656467
+919641302273
+917029499358
+919641384000
+916296747320
+919641786305
+916297541897
+916297487679
+916297337258
+919641355169
+916297843173
+917029935747
+916296952875
+916297839695
+919641534561
+916297159782
+916297222236
+919641275690
+917029639227
+917029612931
+916297949965
+916296465119
+917029252259
+919641149035
+917029285801
+917029512649
+916297587464
+917029624333
+916297424191
+919641234827
+917029246123
+916297165168
+919641814792
+916296352484
+916296478447
+916296608089
+916296976645
+916296960625
+919641610338
+917029996961
+916297450202
+917029354045
+919641844016
+919641348344
+916297499472
+916296224060
+919641174252
+917029179065
+916296278827
+916297494743
+916296743959
+916297503408
+919641367003
+916296992000
+917029560878
+916297776011
+916297738608
+919641633630
+916297905215
+919641210365
+917029718905
+916297759564
+917029894704
+919641120391
+916297262988
+917029270364
+919641480324
+917029546696
+917029478945
+919641438043
+917029397444
+917029841943
+917029277096
+919641906738
+919641704756
+916297413435
+916297960040
+916296461302
+919641279452
+916297844817
+919641497271
+916297696344
+916297631296
+916296821942
+916297695833
+917029223895
+916297954607
+916296726946
+917029271385
+917029707823
+916296481566
+919641467289
+916297975722
+919641435142
+916297967333
+919641245473
+916296411055
+916296854887
+917029451296
+917029353099
+919641925745
+916296601921
+916297222349
+916297881884
+917029962845
+916297464997
+917029318157
+917029616520
+917029646776
+916297823778
+916297497167
+916297872423
+916296767483
+916297632711
+916297831575
+919641658698
+919641529948
+917029877076
+916296518971
+916297377816
+917029784789
+917029484672
+919641373247
+916296308331
+919641825678
+916296217798
+919641119237
+919641295552
+917029115462
+916296710056
+916296938662
+916296353892
+919641654379
+917029531101
+916296828158
+917029674045
+919641908150
+919641667687
+917029431333
+916297713845
+919641537424
+916297968983
+917029148637
+916296936570
+919641867385
+916297412677
+916296154802
+919641267503
+917029551648
+917029427369
+919641256069
+916297742833
+917029837091
+916296388033
+916296850006
+916296188634
+916296973542
+917029274768
+916296494037
+917029981854
+916296794046
+919641353799
+916296740550
+916296672604
+916297163335
+916297132783
+916296819397
+917029340239
+919641414521
+916296279127
+916296748941
+917029890139
+917029127071
+919641400024
+916296613252
+916297814046
+919641260223
+919641835700
+917029525036
+919641723167
+919641375759
+917029285587
+916297285501
+916297692403
+919641485660
+917029405563
+917029862399
+916296939790
+916296746230
+919641206263
+917029544498
+919641672176
+916296131828
+916296466368
+916296960919
+916296995986
+916297200053
+916297404226
+917029923583
+919641967878
+916296975912
+917029988341
+916296320858
+917029471568
+916296264412
+916297635408
+919641222312
+919641686220
+916296194283
+917029656890
+919641618903
+916296895154
+919641765678
+919641472262
+917029460859
+916297631976
+919641402559
+916297579030
+919641919233
+917029410848
+916297596973
+916296232680
+916297297629
+917029432836
+917029408045
+919641318976
+916296112741
+917029755934
+916296927222
+916297511892
+916296114810
+917029468635
+916297432769
+917029405940
+917029986780
+919641133534
+917029877028
+916296966549
+919641633515
+916296245054
+916296830140
+916296425310
+916296459076
+916297839940
+916297597397
+916297311684
+916296695181
+917029374707
+917029452101
+916297262848
+917029944260
+916296768460
+919641316711
+919641838615
+916296524929
+919641247409
+916297609312
+916296730146
+917029444695
+916296211573
+917029849628
+917029101940
+916296816870
+919641188249
+916296645960
+919641674902
+917029664669
+916296489728
+919641511631
+919641650694
+919641710449
+919641999035
+917029356099
+917029694130
+916297910558
+917029223753
+919641435848
+916296669884
+916297922497
+916296502685
+919641610927
+917029904004
+916296474691
+916296767186
+916296582026
+916297456740
+916297718583
+916297766558
+919641752873
+919641656475
+916297914846
+919641324991
+919641890029
+916296351286
+917029321903
+916296860693
+916296121866
+916296472238
+916297464278
+916297804618
+919641563579
+919641749034
+916297838773
+919641826268
+919641344742
+916297890856
+916297375495
+917029732337
+916296386229
+917029949833
+916296726578
+916296806755
+916296579712
+916296134489
+919641948561
+919641468117
+919641168594
+917029271137
+916296928480
+919641759429
+917029413569
+916297123747
+919641818125
+916297545104
+919641367427
+919641254997
+917029395839
+917029282700
+916297613007
+919641222317
+916296427222
+916297646272
+916296982076
+916297154339
+916296779009
+916297519830
+916296408884
+919641730461
+919641571475
+917029625396
+919641226544
+916296336979
+916297362904
+917029379879
+917029113096
+919641624123
+916297858345
+916296480842
+916297195360
+919641405563
+919641673734
+916296526361
+916296375429
+916297773805
+919641958888
+916296982770
+919641798761
+919641612821
+917029832825
+916296494277
+917029344130
+917029380885
+917029327529
+916296229719
+919641118375
+919641738008
+916297184703
+917029250098
+919641363967
+917029939621
+916297115819
+916296257075
+916297371834
+917029412866
+916296326009
+916296507642
+916296238339
+917029684531
+919641670049
+916297347633
+917029196169
+919641362627
+917029389257
+919641320597
+916297591153
+917029288014
+917029180555
+916296266756
+916296989544
+916297324046
+916296756519
+917029274630
+917029399079
+916297321786
+916296923000
+916296480512
+916296926480
+919641260103
+916297411761
+917029186953
+917029714642
+919641414627
+916296904413
+917029507328
+916297123634
+916297335539
+916296443555
+917029562424
+917029904149
+916297630199
+917029687974
+916297109914
+917029491141
+916297824537
+916297658430
+916296418312
+917029139720
+916296108590
+919641160711
+919641241555
+919641197349
+916296582095
+917029612481
+919641805030
+916296467839
+919641987861
+916296701081
+919641676017
+917029229856
+919641627390
+919641329963
+919641437156
+916296853536
+919641626366
+919641435569
+919641641926
+919641424008
+919641421303
+916297846051
+916297543576
+916297432396
+916296930078
+916296944642
+917029569755
+916297997040
+916296656190
+916296681099
+919641880439
+917029703265
+919641936655
+917029775754
+916297504227
+916297478629
+917029329896
+919641390507
+919641705527
+917029810651
+917029598245
+916296740319
+916296340521
+916296334266
+916297744317
+916297804484
+917029231932
+917029711313
+917029507308
+916297829389
+916296726179
+917029868809
+916297815339
+916297178370
+916297268000
+916296510604
+916296230141
+919641633337
+916296605073
+916297308360
+919641512986
+916296479806
+917029353621
+917029620120
+919641466035
+916296891138
+917029262314
+916297222112
+916296669847
+919641952088
+916296838062
+919641712382
+919641946460
+917029962938
+916297826379
+916297212654
+917029420948
+917029995110
+916297217602
+917029718810
+919641354055
+919641264533
+916297114323
+916297999811
+916296374949
+917029569389
+916296368295
+916297319426
+916297854305
+917029102560
+919641577136
+919641303593
+916297449818
+916297186747
+916297846662
+919641332389
+919641636934
+916297897872
+919641433339
+916297899839
+916296497057
+916296473890
+919641947662
+916297182872
+917029119865
+916296178107
+916297522423
+917029382856
+917029204616
+917029216126
+916296380498
+916297371388
+919641183590
+916297817464
+919641442038
+917029393026
+917029848280
+916296302080
+917029951032
+916297224786
+919641522212
+919641455583
+916297193510
+916296720373
+917029630080
+917029912644
+917029760352
+916296379843
+919641628672
+916297222232
+916297250677
+916297749094
+919641544014
+919641781480
+916296417987
+917029832749
+916296199386
+916296185116
+917029544361
+916296276677
+916297846916
+916297501554
+916296734955
+919641214772
+917029875318
+917029547999
+919641244936
+919641468165
+917029828967
+919641480913
+917029158384
+917029932845
+916296141477
+916297632333
+916297453784
+916297162887
+917029725357
+919641239257
+917029319090
+917029808428
+916296591864
+919641483574
+916297881848
+917029478988
+916297494226
+917029311539
+919641881704
+916296500570
+917029382298
+919641675297
+916297840013
+919641984023
+916297910014
+919641263584
+916296360964
+919641968139
+917029482711
+919641467001
+919641869786
+917029393383
+916296405537
+916296285202
+919641594004
+916297438789
+919641591117
+916296408887
+917029819848
+916296452603
+919641680229
+917029132438
+916297896667
+917029806061
+917029333881
+917029805482
+916296762260
+916296811547
+919641254764
+916296309367
+916297706993
+917029391236
+916296877922
+919641679213
+916297399182
+916296331372
+916296589445
+919641678122
+916296719691
+916296746505
+916296312994
+919641205851
+919641265409
+917029796841
+916297465451
+917029514124
+919641760719
+919641526287
+916296114409
+916296636185
+916297435115
+916297771975
+916296706623
+916296737052
+919641384018
+916296492778
+919641221332
+916296869766
+916296386221
+917029851626
+919641902779
+916296712726
+917029843018
+916297497544
+919641690553
+917029863264
+919641792343
+916296533666
+916297831206
+917029582937
+916297125078
+919641188951
+916297313799
+916297817487
+916297395253
+917029827642
+919641525991
+919641440380
+917029400246
+916297650043
+919641460786
+916296272998
+919641117865
+916296843829
+916297959286
+919641246166
+916297619278
+919641391343
+916297726435
+919641977248
+919641707227
+916297261260
+916297928120
+916297250689
+916297669396
+919641606737
+919641637501
+916296182777
+917029384186
+919641322365
+917029563814
+916296333164
+919641459012
+916296123964
+916297318665
+919641498393
+916296120817
+916296773228
+919641331682
+916297396238
+919641845400
+919641704778
+919641865510
+919641222187
+917029718441
+916297597535
+916297467119
+919641855804
+916296531213
+916296230907
+917029200330
+916296878109
+919641326484
+916296615329
+919641751331
+916297807496
+919641629228
+917029859776
+916296219653
+919641539387
+916296289208
+916296142604
+917029357694
+916296328782
+919641216048
+917029818179
+916297704980
+919641562476
+917029204396
+916296964641
+917029134377
+916296106133
+916297489599
+916296217488
+917029885849
+916297759930
+917029537365
+916297299864
+916297845549
+916297228005
+916297423872
+917029550093
+916296834374
+916297955745
+917029519818
+917029825071
+916296157809
+917029956740
+917029441173
+916297296521
+919641923652
+917029929519
+917029243269
+916297938016
+916296664802
+916297452263
+917029338742
+916296206908
+919641801748
+916296309346
+916296900178
+916296440033
+919641834047
+917029932372
+919641193986
+919641557333
+916297105440
+916297795244
+917029384406
+916296136912
+917029995336
+917029663837
+916296549182
+919641193436
+916296604515
+916296758870
+919641932985
+916297225425
+916297302432
+919641318918
+917029757826
+916297924563
+916297466231
+919641766950
+917029427013
+917029901786
+916297966692
+917029322975
+917029769105
+916296651543
+916296359917
+919641879185
+916296590901
+919641971616
+919641521116
+919641646646
+916296486066
+919641254820
+919641721302
+916296871819
+917029966916
+916297527330
+916296623506
+916297940022
+916296867579
+919641197809
+919641905641
+916296311365
+916297743483
+916296343039
+919641611907
+919641890194
+919641925863
+916297453743
+916296120269
+919641556779
+916296766705
+919641567200
+916296678764
+916296180924
+916296225925
+916296404886
+916296267970
+916297554659
+916296727439
+919641646605
+916296851971
+916297552943
+916297148495
+916297235624
+916297812029
+916297630064
+917029535868
+916297190759
+919641564534
+917029191342
+917029381644
+916297881000
+916297355777
+917029532890
+919641826514
+917029572139
+919641366767
+917029572160
+916296662869
+916297258369
+916297380289
+917029258335
+917029407972
+916296496896
+916297404174
+917029304327
+916297855930
+917029615136
+919641847725
+917029494185
+916296640983
+919641289070
+917029891183
+916296125305
+917029395822
+916296685540
+916297908472
+916296617155
+917029842011
+919641353753
+917029803190
+916296439880
+919641271193
+919641266775
+916296558016
+919641772945
+916296701827
+916296246845
+916296628499
+919641790810
+917029151099
+919641340169
+916297285407
+917029972399
+916297813534
+919641679245
+919641227238
+917029810348
+916296864051
+916296539167
+917029538041
+916297634833
+916296937001
+916296761002
+917029667305
+916297253637
+919641443156
+919641426527
+919641934223
+916296259112
+916297961289
+917029299161
+916297854161
+917029726803
+916297678299
+916296899184
+916297370086
+917029569507
+919641761846
+916296874230
+917029987102
+917029668144
+917029649646
+919641914080
+916296815292
+917029974185
+916297716132
+916297169667
+916296799089
+917029204270
+916297263059
+916296618391
+919641388043
+916296274234
+919641438252
+919641935257
+916297179414
+916296638277
+919641724926
+916297105347
+916297595827
+916297750970
+916297289045
+916296533853
+919641776610
+916297549865
+916297633349
+919641312630
+919641647536
+919641457502
+917029716154
+916296882871
+917029322949
+916296421051
+917029199074
+917029233580
+916297986120
+916297172781
+916296129894
+919641926424
+919641986801
+916296207130
+917029470342
+919641364935
+919641363087
+916297751415
+919641594434
+916296855013
+919641294600
+916296247154
+916297925699
+916297587292
+916297809357
+919641389115
+919641261971
+917029309209
+916297302538
+916297624403
+919641652782
+916297776850
+919641861984
+917029387828
+916297708124
+917029458948
+919641209108
+916296115539
+916296429417
+916297369217
+916296490618
+916297714021
+916297822778
+919641305354
+916296558766
+916297333343
+919641311767
+916296378181
+916296651392
+919641180229
+919641830207
+916297244497
+916296172323
+916297293136
+919641870600
+916297795339
+916297545253
+916297177852
+917029886340
+919641486452
+919641716974
+917029391403
+917029224555
+916297297449
+916296543208
+919641676756
+917029621578
+919641549393
+916296208739
+916296862617
+917029767898
+916297311937
+916297317776
+916296654858
+916296345196
+919641299656
+917029329694
+916297616269
+916297296460
+916297254107
+917029563912
+916297412535
+916297909195
+916296744182
+916296708885
+916296675801
+916297152836
+916296706462
+916297234667
+917029401689
+919641503449
+917029250487
+917029690891
+916296973404
+917029592708
+916296162293
+917029303831
+916296604244
+917029349682
+916297954295
+917029189159
+916297674593
+917029504364
+916296196640
+916296197101
+916297771528
+917029201006
+916297529951
+919641907754
+917029922642
+916296673362
+917029733513
+916296731573
+919641969870
+916296783939
+917029544763
+917029780395
+919641419860
+916297818022
+917029534001
+919641861400
+917029843365
+916297667808
+916297252777
+919641429245
+917029655607
+917029105026
+919641519734
+917029191750
+919641192859
+916296716536
+916296499302
+917029271415
+917029871756
+919641255163
+919641617941
+916297798055
+916297102772
+916296658679
+916297275820
+916297451406
+919641625241
+916297981329
+916297540154
+916296590168
+917029785772
+916297195879
+916297336522
+917029877265
+919641461597
+917029905397
+917029754647
+919641765301
+916296658017
+919641455502
+916297432625
+919641326047
+919641226037
+919641343903
+916296743705
+917029627618
+917029900782
+919641836048
+917029516789
+919641856591
+919641394805
+919641364633
+919641300038
+916297255638
+917029862553
+917029724096
+916297699195
+916297762223
+916297298807
+919641488658
+916297207354
+919641152377
+916296149999
+916296246646
+917029815561
+919641172523
+917029568259
+917029762562
+917029771186
+916296805177
+916296306087
+917029737253
+916297946417
+916296264842
+916296241700
+916296594938
+919641411922
+917029995013
+916296509818
+916297833711
+916296515536
+919641568596
+917029819809
+916297303176
+917029546413
+916296560348
+919641533017
+916297274430
+916297690489
+917029284168
+917029930954
+916297360795
+919641298661
+917029152751
+916297673038
+917029549327
+916296586725
+916297910607
+917029963400
+916296630924
+916296134481
+917029273620
+919641251506
+916296418593
+916297828977
+916297960731
+916296771897
+919641516103
+916297384304
+916296741752
+916297558659
+919641367887
+919641805051
+917029495754
+916297514599
+919641590489
+916296578795
+919641496417
+916296799574
+917029198074
+916296909457
+916297220933
+917029315144
+916296579776
+916296488826
+916296290862
+916297231101
+916297448599
+916296318855
+916297358910
+916297556559
+917029235467
+919641350424
+916297483675
+917029182907
+917029187633
+917029599370
+919641146050
+919641653338
+916296535310
+919641778689
+916297504578
+916296743206
+916296541875
+916296657118
+916296251559
+916296146329
+917029961458
+919641158254
+916297458023
+916296339676
+917029281278
+917029391994
+919641210696
+919641103075
+917029144975
+919641510455
+916296183416
+916297885793
+916296165133
+919641413051
+916297854990
+916297487300
+916296526168
+916297162028
+916296870335
+917029837890
+919641282564
+916296953500
+917029242261
+916297211594
+917029121663
+917029779371
+919641456626
+916296479316
+916296504039
+919641927650
+916296518797
+916296897800
+916296912048
+916297706680
+917029241689
+919641304936
+919641930647
+916297508942
+917029885793
+916297814339
+916296661722
+916297350792
+916296512274
+916297651602
+917029329462
+917029550526
+919641744124
+916297625435
+916296432360
+919641994186
+917029822178
+917029172090
+917029283757
+919641267834
+917029542810
+919641769214
+916297445259
+919641270662
+916297247234
+917029479394
+919641605714
+919641444287
+919641856954
+916296565327
+919641289853
+916296764773
+916296565594
+917029497131
+919641346917
+916297501846
+916296732937
+917029251175
+916297733277
+916297936852
+916296546562
+919641705876
+916296789356
+916297242210
+917029662319
+917029637390
+917029610776
+917029509196
+919641596234
+916297956080
+916296977011
+916296866400
+919641702153
+916296207091
+916296468821
+919641653887
+916296753669
+917029989127
+916297730107
+916296733215
+916297403572
+919641795868
+919641755086
+919641539374
+916296986410
+916296742345
+919641155358
+917029568833
+919641220028
+917029184921
+916296614451
+916296461841
+917029110965
+916296501533
+917029288736
+917029180050
+917029627266
+917029826515
+919641550654
+916296299046
+916297321245
+916296368507
+919641981544
+917029173079
+916296809116
+917029614952
+916297905232
+917029514514
+919641278857
+916297382630
+919641845665
+917029792279
+917029416457
+916297169840
+916297856248
+916297429635
+917029558698
+916297471470
+919641593958
+919641186530
+919641683304
+916296433964
+916297837982
+916296568048
+916297436514
+919641826090
+917029411602
+916296523904
+917029943442
+917029571186
+916297373633
+917029985691
+917029320107
+919641822122
+917029960545
+919641527055
+919641474553
+919641641315
+916296572270
+919641191371
+919641282372
+916297242993
+919641658233
+916296860958
+919641464923
+916297293500
+917029396784
+919641404629
+916297917276
+917029125913
+916297310450
+919641438649
+919641562511
+919641559815
+917029857247
+917029708876
+916297997910
+917029391246
+919641133914
+917029472543
+917029458793
+917029485061
+916297808569
+917029774247
+917029611938
+917029732731
+916297414881
+916296394567
+919641856864
+919641869002
+919641142951
+919641704534
+917029429177
+919641743187
+919641779179
+919641425647
+916296292931
+917029234997
+916296793460
+917029396059
+919641216130
+917029918681
+916297318530
+917029479734
+919641750752
+917029535429
+916296989848
+916297854481
+917029987434
+917029414688
+919641362917
+919641523281
+917029356151
+916297209631
+916297626071
+917029117868
+916297538048
+919641324988
+919641437811
+917029661872
+916297519462
+916297358477
+919641724874
+917029238172
+917029932289
+916297863319
+917029430596
+916296280726
+916296443680
+916297713189
+919641614514
+916296302497
+917029916788
+916296900840
+916297625576
+916296653823
+916297217333
+919641571738
+916297646006
+917029998646
+919641322873
+916296366159
+916297941176
+916297611369
+919641183342
+916297452144
+919641143891
+916296702047
+916296443179
+919641408538
+916297203015
+917029609074
+916296570764
+916296817087
+917029462779
+916296342990
+917029548476
+916297238960
+917029726247
+916296163624
+916296470423
+917029829269
+917029888563
+916296468753
+917029821951
+916296187181
+917029412395
+917029336582
+917029436518
+917029108981
+916297441465
+916296167444
+919641333940
+917029105888
+916297721946
+919641682956
+916297174441
+919641149203
+916296973339
+916296680835
+916297309525
+917029615587
+916297937978
+916296487359
+917029496476
+919641121652
+919641349967
+917029954690
+917029198370
+917029701100
+916297653833
+916296332670
+916297778810
+916297181955
+916296136784
+916296710633
+917029959608
+919641892674
+919641318674
+916297700066
+916297515062
+916296918099
+916296469140
+919641507748
+919641614656
+919641824050
+917029656236
+919641664293
+916297986644
+916297405232
+919641576967
+919641980197
+916297310058
+919641232855
+916297641740
+917029870198
+917029990423
+919641386141
+916297808005
+916297631308
+919641282098
+916297596926
+916296610369
+916296679883
+916297173795
+917029618032
+919641111358
+919641812815
+919641346660
+916296651529
+916296836478
+917029993835
+917029372902
+916297448528
+919641474668
+916296174752
+919641909184
+917029869845
+916296978559
+916297412210
+917029333037
+916296904505
+916297801088
+916296897827
+919641446505
+916297961932
+919641916860
+917029829801
+917029312624
+917029297201
+916297849335
+917029257047
+916297833549
+916296945760
+917029206187
+919641174415
+917029317204
+917029886082
+919641931150
+916296402431
+916297136585
+916296387499
+919641288277
+917029496259
+917029976352
+919641510530
+919641961403
+919641610574
+916297265825
+919641828124
+916296941294
+919641924649
+917029385773
+916296543491
+916296472715
+916297703856
+916297969908
+919641585733
+917029767478
+916297985826
+916296538083
+916296302656
+917029877070
+917029757695
+919641235494
+916297138152
+919641317346
+917029520196
+917029364033
+916296738177
+919641674569
+916297879766
+916296893683
+916296102298
+916296308402
+916296733760
+916297796292
+916297590011
+916297883393
+917029846745
+917029671963
+917029878911
+919641216505
+916296927413
+917029201088
+917029579459
+917029949736
+916296636290
+916297383736
+916296696553
+919641732893
+916296637007
+916296378059
+916297313826
+916296747928
+917029401721
+916297301805
+916297477983
+919641998862
+916297459601
+916297717684
+916297548818
+919641583454
+919641252067
+917029926850
+916297858415
+917029868137
+919641529559
+916297133708
+917029517605
+917029903491
+917029725803
+916296850774
+919641191745
+917029205470
+916297673055
+919641195859
+919641257400
+916297108665
+919641389626
+919641267627
+916296395187
+917029158609
+917029296027
+916297996952
+916297376531
+916296801627
+917029580000
+919641471009
+916297423873
+919641320313
+917029220686
+916297464182
+916297638540
+919641929015
+919641667220
+916296379581
+919641512051
+916297534825
+916297110120
+916297326744
+916296529844
+916296178707
+917029325243
+917029956007
+919641829050
+916296837928
+916296923570
+919641763168
+917029930652
+916296339054
+916297261329
+916297537305
+917029603834
+919641487101
+919641602113
+917029415359
+916297496937
+917029200851
+916296920074
+916297825260
+917029507298
+916296954346
+919641639593
+916297546311
+916296709197
+917029143613
+916296548871
+916296169221
+916297429462
+919641279146
+919641194808
+916297742351
+917029731396
+916297760902
+919641813969
+917029875022
+919641328999
+919641650801
+916296415928
+916296761613
+916297673933
+916297853623
+917029201576
+916296513716
+916297957224
+919641460176
+916296163205
+916296873943
+919641371816
+919641957855
+916296616588
+916297741337
+916296276116
+917029481376
+916297560210
+916296773046
+919641521437
+917029775242
+919641810172
+916296332800
+919641543998
+917029895730
+916297634948
+916297803365
+916297124023
+917029955993
+916297666466
+919641433716
+916297563606
+916297881937
+919641618151
+916296933638
+919641174918
+916297243552
+916297364344
+919641964158
+916296429925
+916297511226
+917029960450
+916296554018
+916297396529
+916297510236
+919641627218
+916297156404
+919641247451
+919641822064
+917029405509
+916297225694
+917029657050
+916296908703
+917029180625
+916297627237
+917029457121
+916297528998
+916296790020
+916297307426
+916297203378
+916296858699
+916296614638
+917029456854
+916297192409
+917029581172
+919641777832
+919641974105
+917029319099
+916296897642
+916297709102
+917029618319
+917029655332
+916297551977
+919641680787
+916297879134
+916297216556
+917029173746
+919641615093
+917029996611
+917029855009
+916297472024
+916297702956
+919641807250
+917029369439
+916297369232
+917029456116
+916297639997
+916296221872
+919641685946
+916296506410
+916297885235
+917029350037
+917029314423
+917029829557
+916297800900
+916297504300
+919641911326
+916297924288
+917029502650
+916297633466
+916296892206
+919641847150
+919641868930
+916297397122
+916296178181
+916296142967
+919641561464
+917029771431
+916296548455
+916296974151
+919641562596
+916297491218
+919641506202
+917029811871
+916296651000
+916297358034
+919641120762
+919641598680
+919641360797
+917029959659
+917029841788
+916297419535
+916296660858
+917029402607
+917029183141
+916296704522
+916297611964
+919641277041
+916297711158
+919641119902
+919641731321
+917029623694
+916297381888
+916297755737
+917029341005
+916297902334
+916297848345
+916296715428
+919641399668
+919641184454
+916296294962
+916296508571
+919641878701
+916297850229
+917029734707
+917029241372
+919641908678
+916297259519
+916297749746
+919641305956
+917029199877
+916296311390
+916297340544
+917029490006
+916296899044
+916297677883
+916296430046
+919641291027
+919641103362
+916297148355
+916297915182
+916297392944
+917029285454
+917029220097
+919641120372
+916297280838
+919641747449
+916296775116
+919641459647
+919641569346
+916296258079
+916297763343
+916297969928
+916296624184
+916296851866
+919641437948
+916297550932
+916296410014
+919641454715
+916297125866
+919641222130
+916297351749
+917029493979
+919641913830
+919641849689
+916296704145
+916297385856
+917029156064
+919641113108
+916297281703
+917029601201
+919641302596
+917029402241
+916296506211
+917029542833
+917029649820
+916297983623
+917029182725
+916297311512
+919641935926
+916296617341
+917029341209
+919641876794
+916297451052
+917029546242
+919641731455
+916296175372
+917029465376
+919641160905
+917029773130
+916297418817
+916296924824
+916297587747
+916297889062
+919641627359
+916296630843
+919641844720
+916296503047
+916297299455
+916297733289
+916296286163
+916297986931
+919641714512
+916296788431
+916297333220
+919641101011
+916296314893
+917029334865
+916296456995
+919641618124
+919641191925
+916296556831
+916296635029
+917029890020
+916297650680
+916296957868
+919641806644
+916297502620
+916296258603
+919641188983
+916296929160
+916297583007
+917029785540
+916297833596
+916296113013
+919641551983
+917029700762
+916296908197
+917029347744
+916297952915
+917029829711
+917029709996
+916297882402
+919641527713
+916296512540
+917029946397
+917029433557
+919641612827
+919641605818
+916297620074
+916297862149
+916296852747
+916296596257
+919641551612
+916296910640
+916297773845
+916297667894
+919641601687
+916297735330
+917029890200
+916297135472
+916297869881
+919641856693
+917029252684
+916296695522
+917029792817
+919641260535
+916297744270
+916296404951
+916296789105
+917029826841
+916297513225
+917029716538
+917029249533
+919641995608
+916296540193
+916296619307
+917029792121
+916296843345
+916296337931
+917029276365
+919641413473
+917029545747
+916296404838
+917029529798
+916296939241
+917029930677
+916296319754
+917029542919
+919641296077
+919641722996
+919641998959
+917029143771
+917029344556
+916296643597
+919641470527
+919641247635
+916296329407
+916297973553
+916297209272
+916296681859
+917029944190
+916296970907
+917029536689
+916296653746
+916296543430
+917029277073
+916297436432
+919641411102
+916296164207
+916297384620
+917029281720
+919641883842
+916297520527
+916297244444
+916297460263
+917029289099
+916297970911
+917029480428
+916297516847
+916297334430
+919641885200
+917029132824
+917029197713
+916297408420
+916297460722
+916296955884
+917029824150
+917029677431
+919641851046
+916297921496
+919641728262
+916297373542
+917029745072
+919641138783
+919641727065
+917029209681
+916297462609
+919641347459
+916296888960
+916297738841
+917029133415
+919641398065
+916297899057
+916296851605
+916297218543
+916297235033
+919641770005
+916296582431
+917029295560
+919641268814
+916297864386
+917029749631
+916297295865
+916297496273
+916297898366
+916297156097
+919641610071
+917029793914
+917029885184
+919641220975
+919641925157
+916296789160
+916296763240
+916297774162
+916297252044
+916297699381
+917029398275
+916296215090
+919641425303
+916296243665
+917029149971
+916297136005
+916296432461
+916297711088
+916297535506
+916296330635
+919641956091
+916296657865
+917029434772
+917029628054
+917029546873
+916296358960
+916296735871
+916296620416
+916297744595
+916296903417
+916297934350
+919641353593
+917029590014
+916297639313
+919641431759
+917029827360
+917029745935
+916297335876
+917029144450
+916297633159
+919641560901
+916297553399
+919641349960
+917029266078
+916297914539
+917029672473
+917029712543
+917029777528
+917029906414
+917029891451
+917029743886
+919641577933
+919641299373
+916297340203
+917029548529
+917029301630
+916297932713
+917029378070
+916296638540
+919641106101
+919641236324
+919641432399
+917029905037
+916296930510
+916297464410
+916297628848
+917029995814
+916297749160
+917029705827
+917029219015
+919641380172
+916297684213
+916296528539
+919641952989
+916296154692
+916297810474
+919641116947
+916296517766
+916296694283
+917029126775
+919641264431
+917029102525
+916296771954
+919641752275
+916296948836
+917029910379
+916297335219
+916296650822
+919641890905
+919641595778
+919641134783
+916297964128
+916296425217
+917029988269
+916297693925
+916297295739
+916297284102
+919641200970
+919641801416
+916297538698
+917029750571
+917029512778
+916296329482
+916296786662
+916296591953
+916297416172
+919641501486
+916296118320
+916296865309
+916296107781
+916296821928
+916296109795
+919641186167
+919641199631
+917029614834
+919641441717
+916297639036
+919641795266
+919641164428
+916296731108
+916297307382
+917029323753
+919641284556
+916296617919
+917029217381
+916296351702
+919641551233
+916297988754
+916296152927
+916296409741
+919641195791
+916297333661
+917029433679
+916296794122
+919641217286
+917029181127
+917029340510
+916296867020
+916297558371
+919641410318
+917029306359
+917029713516
+917029156106
+916296925084
+917029536513
+916297764750
+916297107693
+916297945197
+916296394517
+919641599745
+917029406092
+916296867463
+917029262088
+916297292714
+919641949894
+917029375554
+916297522282
+916297192369
+919641803937
+917029549966
+916296460962
+919641774393
+916296359609
+916296824031
+916296664315
+917029327873
+917029776448
+919641715471
+916296715862
+919641760834
+916296346268
+916297359788
+917029227133
+916296961296
+919641293218
+917029806056
+916297781824
+919641269328
+916297502914
+916297316410
+919641764143
+916297542504
+916296691196
+916297267214
+919641127209
+916296207622
+916297631596
+919641685095
+916297954833
+919641418664
+916296970250
+916297670390
+919641762571
+917029680177
+916297392798
+919641748500
+917029376829
+916296770212
+919641330475
+919641284655
+919641502224
+916297815529
+919641850716
+919641148770
+916297850729
+916297294098
+916296539251
+917029984724
+916296850004
+919641136147
+916297933884
+919641983587
+919641738255
+917029809492
+917029184581
+919641521625
+916297926855
+916297134984
+917029569861
+916296609494
+919641462165
+916296404744
+917029495399
+916296608794
+917029613719
+916296427374
+919641351047
+919641573557
+919641318218
+916297589669
+917029238201
+917029895233
+916296531176
+916297934966
+919641659457
+917029813935
+917029650561
+916296514366
+916296184794
+916296788924
+916297425553
+916297116035
+917029829309
+916296459261
+917029624816
+917029103262
+916296536485
+916297658996
+916296817913
+919641708986
+916297550606
+919641897262
+916296350379
+916297111572
+916297491180
+916297953643
+917029920509
+916296763295
+919641400779
+916296212222
+916296537694
+917029974417
+916297367706
+919641233597
+916296166156
+916297830198
+917029238991
+916297260814
+917029834165
+919641946832
+916297873835
+917029184837
+917029857593
+916296644063
+917029325130
+916297635508
+916297242024
+917029774254
+916296135988
+916297946209
+919641428676
+919641517702
+916297178994
+917029581533
+916297481772
+916297708955
+919641266280
+916296428180
+916297167711
+919641486850
+916297834598
+919641829239
+916296521289
+916296341206
+916297415357
+916296527325
+916296719842
+919641452279
+916296537723
+916296902623
+917029443789
+916297341349
+916296517810
+916297340319
+916296458163
+916297242891
+919641254480
+916297533741
+917029801762
+919641867788
+916296818966
+917029475840
+919641374647
+916297797195
+917029349065
+916297142531
+919641189648
+919641757020
+919641367362
+916297122589
+919641361599
+916296289248
+917029687551
+919641921777
+919641340565
+919641693470
+916296305577
+919641667875
+919641245797
+916296849216
+917029174334
+916296726835
+916296556979
+919641862536
+919641484422
+917029550564
+919641649450
+916297260171
+916296701593
+916296767621
+916296686387
+916297505381
+917029791775
+916297844268
+916296131759
+917029790977
+919641728619
+916297120440
+916296468606
+916296332250
+916297742899
+919641272463
+916297238171
+917029146134
+919641273822
+917029875698
+916297108641
+916297961392
+916296667226
+917029105550
+917029201102
+919641144799
+916297367799
+917029220182
+919641977500
+916297642825
+917029296578
+919641698472
+916296984928
+917029818006
+916296150531
+916297549451
+919641184118
+917029822127
+917029708006
+917029310981
+917029999719
+916296122452
+917029585007
+919641553382
+916296783833
+916296921976
+919641369271
+916297183494
+919641468334
+916297345473
+919641672507
+916297869008
+917029383393
+917029203787
+916296890424
+916297356386
+916297995289
+916297320203
+919641533731
+916297643911
+919641285849
+919641862512
+916297130650
+917029570148
+917029623486
+916296580591
+917029746972
+917029890315
+919641975149
+919641450211
+919641177127
+916296725323
+917029272779
+916296445444
+919641698728
+917029615463
+917029780748
+917029493311
+919641926857
+916297637370
+916296884989
+916297822740
+916296340171
+916297961506
+919641667511
+916296972400
+919641841101
+916296410357
+916296642520
+917029966558
+919641403289
+917029746968
+916296667347
+916297347519
+919641624571
+919641837475
+917029641087
+917029778681
+916297186514
+916297731638
+916296282537
+919641539632
+916297739535
+919641812219
+916296241338
+917029898088
+919641803788
+916296620084
+916297519847
+916297401276
+916297750652
+916297693096
+916297962741
+917029396622
+916296709784
+917029288261
+916297699775
+919641860883
+919641118028
+919641692412
+919641558733
+916297889603
+917029418087
+919641134870
+916297344895
+917029261539
+916297763642
+916296846422
+919641164285
+917029454344
+919641461448
+917029111551
+916296754815
+919641634412
+919641604627
+917029308306
+919641510814
+916297534194
+919641818280
+916296836627
+916297584139
+916297205443
+916297105296
+916297233804
+917029113228
+919641778318
+916296567735
+919641894305
+917029711986
+917029192187
+919641948535
+917029832398
+916296245199
+917029824140
+919641538829
+916297803814
+919641533270
+916296897423
+919641617444
+919641554964
+916296454659
+916296819466
+919641358915
+916297149669
+919641221686
+916297643858
+916296552658
+916297829829
+916297413596
+917029781424
+919641110489
+916296158087
+916297794067
+917029503240
+917029507141
+917029366087
+916296131390
+916297272133
+919641356168
+919641956210
+916296912367
+916297509776
+916297471227
+916296307833
+916297197482
+916296437556
+916296716732
+917029950212
+916297993091
+916296216002
+917029731002
+916296347690
+916296404186
+919641977264
+917029868533
+916297421004
+919641318701
+916296733378
+916296771855
+919641788893
+916297970398
+919641927488
+916297592213
+916296649762
+916296919393
+916296454967
+916297942861
+916297243661
+916297693126
+916297182628
+916296381632
+916296466140
+916297747280
+916296479234
+917029344374
+916296409215
+917029167355
+917029576087
+916297816325
+919641505340
+916296538151
+916296279083
+916297226581
+916297960321
+916296573544
+919641538903
+919641729497
+916296534476
+917029110424
+917029771299
+917029237660
+917029266238
+916297351109
+917029158494
+919641714732
+917029375104
+916296752294
+916297507331
+916296995666
+917029285208
+917029474786
+916297958581
+919641665764
+916297643310
+917029786246
+919641707823
+917029815133
+916297961029
+916296626438
+916296474706
+917029665548
+916297804664
+916296372996
+919641532817
+916297594006
+917029909362
+917029771632
+916296296234
+917029527321
+919641398475
+916297220163
+916297258507
+917029590086
+917029293142
+919641888727
+916297893121
+917029916270
+919641648394
+916297237154
+917029625171
+919641291104
+917029658416
+916297107184
+916296177979
+916296665826
+917029375700
+916297656706
+916296491255
+917029614638
+916297996171
+916296716808
+919641637074
+916297826819
+917029506521
+917029196659
+917029240521
+917029814454
+916296571798
+919641697033
+916297386895
+919641727532
+916296583411
+917029241045
+917029457097
+919641786089
+916296430660
+917029360380
+916297537563
+916296746953
+916296669681
+916296803697
+916296680464
+917029886593
+916296469503
+917029153192
+916297410577
+917029340211
+916296736596
+919641999596
+916296824925
+919641886665
+916297851644
+916296575638
+917029529822
+919641230696
+919641449292
+916296695932
+917029743953
+919641102903
+916297114516
+916297355255
+919641361839
+916296466157
+917029436721
+916297959713
+917029340141
+919641736392
+916296249013
+916296938382
+916296568699
+919641464253
+919641587245
+916297603572
+916297740924
+916296122672
+916296745390
+916296305132
+916297709754
+917029738375
+916296632155
+916296614533
+916296220743
+917029493819
+916296738402
+916297722641
+917029533744
+916297338903
+917029457572
+916297701079
+919641507336
+917029797859
+916297435518
+919641330147
+917029618767
+916296351192
+916297582265
+919641782623
+917029445340
+916297466654
+917029254353
+917029632391
+916296790748
+916296582402
+919641492525
+916297342553
+916296353619
+917029335645
+916296178611
+916297468942
+917029930981
+917029496484
+916297281424
+916297901211
+919641930691
+916296485047
+916296920150
+919641312886
+917029594432
+916296874321
+917029464119
+919641365463
+916296537424
+916296264672
+916296458749
+916296370190
+919641991160
+916296857201
+916296610347
+916296379803
+917029261074
+916297225072
+916297346786
+916296706140
+916297963117
+916297526043
+919641258786
+917029892573
+916297673035
+919641147781
+916296612332
+917029496226
+917029288428
+916297292304
+917029117594
+916297734457
+917029543130
+916296769382
+916296433171
+916296789480
+916296135182
+916296320094
+917029306258
+919641233212
+916297404241
+916296704752
+916297972283
+916296881242
+919641591873
+916297908209
+917029966868
+916297916941
+919641999390
+919641464246
+917029316791
+916297332099
+916296746713
+916296597612
+919641941567
+916297504164
+916297336674
+916296151081
+916296362250
+916297461453
+917029586030
+916296473903
+919641397658
+917029186582
+917029186170
+919641118500
+917029788806
+916296345492
+917029341608
+919641274914
+916297684833
+917029909037
+916297608848
+917029784149
+919641114923
+917029733297
+916297814796
+917029769615
+916296316453
+916297286451
+917029535766
+916296479801
+917029859134
+916296639880
+917029198202
+916297629295
+916296659603
+916296897457
+919641918540
+916297627493
+919641107002
+916296723028
+916297325148
+916296183936
+916296176608
+916296779242
+919641148579
+919641533437
+917029229247
+916296271214
+916297617525
+916296374453
+917029617809
+917029207563
+917029645784
+917029638252
+916297444050
+916296408065
+917029943459
+919641670475
+916296748760
+919641897241
+917029643935
+916296335855
+916296118918
+917029318056
+916296690279
+916297329338
+916296992206
+916297646672
+919641329984
+917029951236
+917029154782
+917029234418
+916296865887
+916297494471
+916297491543
+916296905857
+916296740651
+917029864809
+917029142970
+919641267741
+919641241035
+916297489868
+916297211077
+919641513666
+919641284346
+919641949189
+917029270336
+917029875906
+916297251860
+919641467945
+916297526716
+919641341861
+917029713263
+916297375006
+916296484695
+917029535175
+917029771778
+916296249876
+917029775049
+916296147555
+916296178752
+916297409583
+916297162093
+917029743335
+916296387657
+917029897421
+916297857856
+916297559524
+917029150092
+919641116452
+916296165800
+919641980341
+917029452954
+916297734191
+919641430076
+917029650757
+916296927532
+916297122997
+916297901315
+916297347080
+916297802230
+917029570283
+917029251819
+919641790439
+916296847351
+919641587572
+919641368362
+919641245643
+916296234706
+919641331680
+916296163121
+917029210377
+916297190011
+917029309310
+919641996788
+917029845850
+917029109749
+917029879050
+916296755967
+916297120489
+919641649704
+916297184099
+917029666085
+916297277843
+917029658342
+916297675672
+917029999208
+916297787247
+917029630246
+916296654414
+917029328184
+917029347165
+917029728902
+916296183221
+916297406897
+917029809215
+916296834826
+919641905603
+919641160434
+919641151830
+919641402572
+917029975230
+916297141912
+917029588801
+916296841625
+917029665758
+916296237584
+917029518200
+917029830058
+916296191785
+919641835455
+919641187903
+919641687630
+917029392285
+917029420964
+916297417284
+917029322304
+916296821592
+917029602417
+919641199824
+919641827614
+916296462861
+917029391823
+919641880367
+916297206232
+919641712719
+916297165461
+916296703982
+916296210893
+917029883962
+917029763804
+917029939281
+916296869235
+917029767775
+916297290560
+919641493446
+916296717586
+916296302305
+917029154347
+917029183354
+916297213257
+916296637100
+919641157312
+916297807961
+917029897831
+917029353802
+919641474019
+916297934092
+917029209287
+919641968685
+919641897016
+917029778398
+917029261996
+917029853777
+916296413388
+917029345076
+917029441054
+917029731749
+916296705681
+916296726105
+916296472981
+916297815928
+917029131369
+916296242282
+917029575382
+916297214330
+916296430629
+916297648300
+916297257920
+916296665834
+917029139030
+916296671069
+917029916481
+919641287336
+916296701667
+917029318466
+917029693637
+916297203850
+917029346505
+916297460998
+917029559554
+919641163619
+916297455162
+916297744611
+916296423615
+916297266835
+917029378218
+917029928207
+916296447233
+919641540210
+916296196324
+917029211453
+916296841419
+916296291490
+916297886770
+916296963949
+916296897874
+919641983221
+919641329975
+916296259050
+916296283262
+919641824156
+917029534653
+919641998389
+917029431116
+917029202255
+917029512334
+917029631618
+916296645795
+916296158310
+916297510695
+916297564376
+919641132980
+916296365370
+919641600051
+916297182764
+916297126416
+916296486291
+919641918117
+919641371380
+916297176687
+919641324551
+919641697854
+916296418842
+916296244754
+919641415716
+916296450414
+916297501852
+919641118688
+919641381907
+916297634378
+916297800273
+916296420418
+919641685438
+919641450123
+916297489860
+919641727717
+916296219909
+917029530520
+917029269954
+916296335233
+917029724040
+919641993179
+919641517179
+917029552086
+919641638738
+919641332689
+919641490011
+916297165317
+919641338380
+917029592574
+916296393483
+916296954260
+919641537582
+916296410744
+917029537735
+916297501044
+919641668929
+916297566093
+919641213788
+917029373858
+917029597470
+916296905470
+916297535784
+916296719209
+917029498216
+919641685763
+919641453785
+917029874187
+919641843010
+919641596187
+919641227244
+916297281596
+916297152804
+919641688517
+916297183973
+916297107779
+916297478582
+916296657721
+917029214320
+917029750254
+916297921328
+919641258967
+916296456415
+919641891294
+916297124648
+919641319891
+916297230627
+917029533785
+919641898542
+916297917831
+916297208390
+917029493144
+916297712513
+917029784775
+917029443449
+917029405142
+916297991101
+919641667165
+916297367921
+916297521610
+917029597848
+916297559646
+916296932217
+916297136814
+919641135748
+916296158782
